% -------------------------------------------------------------------
%  Generated by MATLAB on 10-Oct-2022 15:44:39
%  MATLAB version: 9.12.0.2009381 (R2022a) Update 4
% -------------------------------------------------------------------
                                          

bestPath = [25 32 50 29 47 30 49 37 34 42 28 46 48 33 38 45 27 39 44 40 ...
            36 8 16 21 7 19 20 11 3 6 15 12 2 14 22 17 24 23 4 10 9 13 ...
            1 5 18 26 31 43 35 41];

